[app/install/install_source_checksum]
version = 8.2.3
modtime = 1640190772.234273000

[views/sample]
version = 8.2.3
modtime = 1640247145.342011000
